15,150,151
16,160,161
17,170,171
18,180,181
19,190,191
20,200,201
21,210,211
22,220,221
23,230,231
24,240,241
25,250,251
26,260,261
27,270,271
28,280,281
29,290,291
30,300,301
31,310,311
32,320,321
33,330,331
34,340,341
35,350,351
36,360,361
37,370,371
38,380,381
39,390,391
40,400,401
41,410,411
42,420,421
43,430,431
44,440,441
45,450,451
46,460,461
47,470,471
48,480,481
49,490,491
50,500,501
51,510,511
52,520,521
53,530,531
54,540,541
55,550,551
56,560,561
57,570,571
58,580,581
59,590,591
60,600,601
61,610,611
62,620,621
63,630,631
64,640,641
65,650,651
66,660,661
67,670,671
68,680,681
69,690,691
70,700,701
71,710,711
72,720,721
73,730,731
74,740,741
75,750,751
76,760,761
77,770,771
78,780,781
79,790,791
80,800,801
81,810,811
82,820,821
83,830,831
84,840,841
85,850,851
86,860,861
87,870,871
88,880,881
89,890,891
90,900,901
91,910,911
92,920,921
93,930,931
94,940,941
95,950,951
96,960,961
97,970,971
98,980,981
99,990,991
100,1000,1001
101,1010,1011
102,1020,1021
103,1030,1031
104,1040,1041
105,1050,1051
106,1060,1061
107,1070,1071
108,1080,1081
109,1090,1091
110,1100,1101
111,1110,1111
112,1120,1121
113,1130,1131
114,1140,1141
115,1150,1151
116,1160,1161
117,1170,1171
118,1180,1181
119,1190,1191
120,1200,1201
121,1210,1211
122,1220,1221
123,1230,1231
124,1240,1241
125,1250,1251
126,1260,1261
127,1270,1271
128,1280,1281
129,1290,1291
130,1300,1301
131,1310,1311
132,1320,1321
133,1330,1331
134,1340,1341
135,1350,1351
136,1360,1361
137,1370,1371
138,1380,1381
139,1390,1391
140,1400,1401
141,1410,1411
142,1420,1421
143,1430,1431
144,1440,1441
145,1450,1451
146,1460,1461
147,1470,1471
148,1480,1481
149,1490,1491
150,1500,1501
151,1510,1511
152,1520,1521
153,1530,1531
154,1540,1541
155,1550,1551
156,1560,1561
157,1570,1571
158,1580,1581
159,1590,1591
160,1600,1601
161,1610,1611
162,1620,1621
163,1630,1631
164,1640,1641
165,1650,1651
166,1660,1661
167,1670,1671
168,1680,1681
169,1690,1691
170,1700,1701
171,1710,1711
172,1720,1721
173,1730,1731
174,1740,1741
175,1750,1751
176,1760,1761
177,1770,1771
178,1780,1781
179,1790,1791
180,1800,1801
181,1810,1811
182,1820,1821
183,1830,1831
184,1840,1841
185,1850,1851
186,1860,1861
187,1870,1871
188,1880,1881
189,1890,1891
190,1900,1901
191,1910,1911
192,1920,1921
193,1930,1931
194,1940,1941
195,1950,1951
196,1960,1961
197,1970,1971
198,1980,1981
199,1990,1991
200,2000,2001
201,2010,2011
202,2020,2021
203,2030,2031
204,2040,2041
205,2050,2051
206,2060,2061
207,2070,2071
208,2080,2081
209,2090,2091
210,2100,2101
211,2110,2111
212,2120,2121
213,2130,2131
214,2140,2141
215,2150,2151
216,2160,2161
217,2170,2171
218,2180,2181
219,2190,2191
220,2200,2201
221,2210,2211
222,2220,2221
223,2230,2231
224,2240,2241
225,2250,2251
226,2260,2261
227,2270,2271
228,2280,2281
229,2290,2291
230,2300,2301
231,2310,2311
232,2320,2321
233,2330,2331
234,2340,2341
235,2350,2351
236,2360,2361
237,2370,2371
238,2380,2381
239,2390,2391
240,2400,2401
241,2410,2411
242,2420,2421
243,2430,2431
244,2440,2441
245,2450,2451
246,2460,2461
247,2470,2471
248,2480,2481
249,2490,2491
250,2500,2501
251,2510,2511
252,2520,2521
253,2530,2531
254,2540,2541
255,2550,2551
256,2560,2561
257,2570,2571
258,2580,2581
259,2590,2591
260,2600,2601
261,2610,2611
262,2620,2621
263,2630,2631
264,2640,2641
265,2650,2651
266,2660,2661
267,2670,2671
268,2680,2681
269,2690,2691
270,2700,2701
271,2710,2711
272,2720,2721
273,2730,2731
274,2740,2741
275,2750,2751
276,2760,2761
277,2770,2771
278,2780,2781
279,2790,2791
280,2800,2801
281,2810,2811
282,2820,2821
283,2830,2831
284,2840,2841
285,2850,2851
286,2860,2861
287,2870,2871
288,2880,2881
289,2890,2891
290,2900,2901
291,2910,2911
292,2920,2921
293,2930,2931
294,2940,2941
295,2950,2951
296,2960,2961
297,2970,2971
298,2980,2981
299,2990,2991
300,3000,3001
301,3010,3011
302,3020,3021
303,3030,3031
304,3040,3041
305,3050,3051
306,3060,3061
307,3070,3071
308,3080,3081
309,3090,3091
310,3100,3101
311,3110,3111
312,3120,3121
313,3130,3131
314,3140,3141
315,3150,3151
316,3160,3161
317,3170,3171
318,3180,3181
319,3190,3191
320,3200,3201
321,3210,3211
322,3220,3221
323,3230,3231
324,3240,3241
325,3250,3251
326,3260,3261
327,3270,3271
328,3280,3281
329,3290,3291
330,3300,3301
331,3310,3311
332,3320,3321
333,3330,3331
334,3340,3341
335,3350,3351
336,3360,3361
337,3370,3371
338,3380,3381
339,3390,3391
340,3400,3401
341,3410,3411
342,3420,3421
343,3430,3431
344,3440,3441
345,3450,3451
346,3460,3461
347,3470,3471
348,3480,3481
349,3490,3491
350,3500,3501
351,3510,3511
352,3520,3521
353,3530,3531
354,3540,3541
355,3550,3551
356,3560,3561
357,3570,3571
358,3580,3581
359,3590,3591
360,3600,3601
361,3610,3611
362,3620,3621
363,3630,3631
364,3640,3641
365,3650,3651
366,3660,3661
367,3670,3671
368,3680,3681
369,3690,3691
370,3700,3701
371,3710,3711
372,3720,3721
373,3730,3731
374,3740,3741
375,3750,3751
376,3760,3761
377,3770,3771
378,3780,3781
379,3790,3791
380,3800,3801
381,3810,3811
382,3820,3821
383,3830,3831
384,3840,3841
385,3850,3851
386,3860,3861
387,3870,3871
388,3880,3881
389,3890,3891
390,3900,3901
391,3910,3911
392,3920,3921
393,3930,3931
394,3940,3941
395,3950,3951
396,3960,3961
397,3970,3971
398,3980,3981
399,3990,3991
400,4000,4001
401,4010,4011
402,4020,4021
403,4030,4031
404,4040,4041
405,4050,4051
406,4060,4061
407,4070,4071
408,4080,4081
409,4090,4091
410,4100,4101
411,4110,4111
412,4120,4121
413,4130,4131
414,4140,4141
415,4150,4151
416,4160,4161
417,4170,4171
418,4180,4181
419,4190,4191
420,4200,4201
421,4210,4211
422,4220,4221
423,4230,4231
424,4240,4241
425,4250,4251
426,4260,4261
427,4270,4271
428,4280,4281
429,4290,4291
430,4300,4301
431,4310,4311
432,4320,4321
433,4330,4331
434,4340,4341
435,4350,4351
436,4360,4361
437,4370,4371
438,4380,4381
439,4390,4391
440,4400,4401
441,4410,4411
442,4420,4421
443,4430,4431
444,4440,4441
445,4450,4451
446,4460,4461
447,4470,4471
448,4480,4481
449,4490,4491
450,4500,4501
451,4510,4511
452,4520,4521
453,4530,4531
454,4540,4541
455,4550,4551
456,4560,4561
457,4570,4571
458,4580,4581
459,4590,4591
460,4600,4601
461,4610,4611
462,4620,4621
463,4630,4631
464,4640,4641
465,4650,4651
466,4660,4661
467,4670,4671
468,4680,4681
469,4690,4691
470,4700,4701
471,4710,4711
472,4720,4721
473,4730,4731
474,4740,4741
475,4750,4751
476,4760,4761
477,4770,4771
478,4780,4781
479,4790,4791
480,4800,4801
481,4810,4811
482,4820,4821
483,4830,4831
484,4840,4841
485,4850,4851
486,4860,4861
487,4870,4871
488,4880,4881
489,4890,4891
490,4900,4901
491,4910,4911
492,4920,4921
493,4930,4931
494,4940,4941
495,4950,4951
496,4960,4961
497,4970,4971
498,4980,4981
499,4990,4991
500,5000,5001
501,5010,5011
502,5020,5021
503,5030,5031
504,5040,5041
505,5050,5051
506,5060,5061
507,5070,5071
508,5080,5081
509,5090,5091
510,5100,5101
511,5110,5111
512,5120,5121
513,5130,5131
514,5140,5141
515,5150,5151
516,5160,5161
517,5170,5171
518,5180,5181
519,5190,5191
520,5200,5201
521,5210,5211
522,5220,5221
523,5230,5231
524,5240,5241
525,5250,5251
526,5260,5261
527,5270,5271
528,5280,5281
529,5290,5291
530,5300,5301
531,5310,5311
532,5320,5321
533,5330,5331
534,5340,5341
535,5350,5351
536,5360,5361
537,5370,5371
538,5380,5381
539,5390,5391
540,5400,5401
541,5410,5411
542,5420,5421
543,5430,5431
544,5440,5441
545,5450,5451
546,5460,5461
547,5470,5471
548,5480,5481
549,5490,5491
550,5500,5501
551,5510,5511
552,5520,5521
553,5530,5531
554,5540,5541
555,5550,5551
556,5560,5561
557,5570,5571
558,5580,5581
559,5590,5591
560,5600,5601
561,5610,5611
562,5620,5621
563,5630,5631
564,5640,5641
565,5650,5651
566,5660,5661
567,5670,5671
568,5680,5681
569,5690,5691
570,5700,5701
571,5710,5711
572,5720,5721
573,5730,5731
574,5740,5741
575,5750,5751
576,5760,5761
577,5770,5771
578,5780,5781
579,5790,5791
580,5800,5801
581,5810,5811
582,5820,5821
583,5830,5831
584,5840,5841
585,5850,5851
586,5860,5861
587,5870,5871
588,5880,5881
589,5890,5891
590,5900,5901
591,5910,5911
592,5920,5921
593,5930,5931
594,5940,5941
595,5950,5951
596,5960,5961
597,5970,5971
598,5980,5981
599,5990,5991
600,6000,6001
601,6010,6011
602,6020,6021
603,6030,6031
604,6040,6041
605,6050,6051
606,6060,6061
607,6070,6071
608,6080,6081
609,6090,6091
610,6100,6101
611,6110,6111
612,6120,6121
613,6130,6131
614,6140,6141
615,6150,6151
616,6160,6161
617,6170,6171
618,6180,6181
619,6190,6191
620,6200,6201
621,6210,6211
622,6220,6221
623,6230,6231
624,6240,6241
625,6250,6251
626,6260,6261
627,6270,6271
628,6280,6281
629,6290,6291
630,6300,6301
631,6310,6311
632,6320,6321
633,6330,6331
634,6340,6341
635,6350,6351
636,6360,6361
637,6370,6371
638,6380,6381
639,6390,6391
640,6400,6401
641,6410,6411
642,6420,6421
643,6430,6431
644,6440,6441
645,6450,6451
646,6460,6461
647,6470,6471
648,6480,6481
649,6490,6491
650,6500,6501
651,6510,6511
652,6520,6521
653,6530,6531
654,6540,6541
655,6550,6551
656,6560,6561
657,6570,6571
658,6580,6581
659,6590,6591
660,6600,6601
661,6610,6611
662,6620,6621
663,6630,6631
664,6640,6641
665,6650,6651
666,6660,6661
667,6670,6671
668,6680,6681
669,6690,6691
670,6700,6701
671,6710,6711
672,6720,6721
673,6730,6731
674,6740,6741
675,6750,6751
676,6760,6761
677,6770,6771
678,6780,6781
679,6790,6791
680,6800,6801
681,6810,6811
682,6820,6821
683,6830,6831
684,6840,6841
685,6850,6851
686,6860,6861
687,6870,6871
688,6880,6881
689,6890,6891
690,6900,6901
691,6910,6911
692,6920,6921
693,6930,6931
694,6940,6941
695,6950,6951
696,6960,6961
697,6970,6971
698,6980,6981
699,6990,6991
700,7000,7001
701,7010,7011
702,7020,7021
703,7030,7031
704,7040,7041
705,7050,7051
706,7060,7061
707,7070,7071
708,7080,7081
709,7090,7091
710,7100,7101
711,7110,7111
712,7120,7121
713,7130,7131
714,7140,7141
715,7150,7151
716,7160,7161
717,7170,7171
718,7180,7181
719,7190,7191
720,7200,7201
721,7210,7211
722,7220,7221
723,7230,7231
724,7240,7241
725,7250,7251
726,7260,7261
727,7270,7271
728,7280,7281
729,7290,7291
730,7300,7301
731,7310,7311
732,7320,7321
733,7330,7331
734,7340,7341
735,7350,7351
736,7360,7361
737,7370,7371
738,7380,7381
739,7390,7391
740,7400,7401
741,7410,7411
742,7420,7421
743,7430,7431
744,7440,7441
745,7450,7451
746,7460,7461
747,7470,7471
748,7480,7481
749,7490,7491
750,7500,7501
751,7510,7511
752,7520,7521
753,7530,7531
754,7540,7541
755,7550,7551
756,7560,7561
757,7570,7571
758,7580,7581
759,7590,7591
760,7600,7601
761,7610,7611
762,7620,7621
763,7630,7631
764,7640,7641
765,7650,7651
766,7660,7661
767,7670,7671
768,7680,7681
769,7690,7691
770,7700,7701
771,7710,7711
772,7720,7721
773,7730,7731
774,7740,7741
775,7750,7751
776,7760,7761
777,7770,7771
778,7780,7781
779,7790,7791
780,7800,7801
781,7810,7811
782,7820,7821
783,7830,7831
784,7840,7841
785,7850,7851
786,7860,7861
787,7870,7871
788,7880,7881
789,7890,7891
790,7900,7901
791,7910,7911
792,7920,7921
793,7930,7931
794,7940,7941
795,7950,7951
796,7960,7961
797,7970,7971
798,7980,7981
799,7990,7991
800,8000,8001
801,8010,8011
802,8020,8021
803,8030,8031
804,8040,8041
805,8050,8051
806,8060,8061
807,8070,8071
808,8080,8081
809,8090,8091
810,8100,8101
811,8110,8111
812,8120,8121
813,8130,8131
814,8140,8141
815,8150,8151
816,8160,8161
817,8170,8171
818,8180,8181
819,8190,8191
820,8200,8201
821,8210,8211
822,8220,8221
823,8230,8231
824,8240,8241
825,8250,8251
826,8260,8261
827,8270,8271
828,8280,8281
829,8290,8291
830,8300,8301
831,8310,8311
832,8320,8321
833,8330,8331
834,8340,8341
835,8350,8351
836,8360,8361
837,8370,8371
838,8380,8381
839,8390,8391
840,8400,8401
841,8410,8411
842,8420,8421
843,8430,8431
844,8440,8441
845,8450,8451
846,8460,8461
847,8470,8471
848,8480,8481
849,8490,8491
850,8500,8501
851,8510,8511
852,8520,8521
853,8530,8531
854,8540,8541
855,8550,8551
856,8560,8561
857,8570,8571
858,8580,8581
859,8590,8591
860,8600,8601
861,8610,8611
862,8620,8621
863,8630,8631
864,8640,8641
865,8650,8651
866,8660,8661
867,8670,8671
868,8680,8681
869,8690,8691
870,8700,8701
871,8710,8711
872,8720,8721
873,8730,8731
874,8740,8741
875,8750,8751
876,8760,8761
877,8770,8771
878,8780,8781
879,8790,8791
880,8800,8801
881,8810,8811
882,8820,8821
883,8830,8831
884,8840,8841
885,8850,8851
886,8860,8861
887,8870,8871
888,8880,8881
889,8890,8891
890,8900,8901
891,8910,8911
892,8920,8921
893,8930,8931
894,8940,8941
895,8950,8951
896,8960,8961
897,8970,8971
898,8980,8981
899,8990,8991
900,9000,9001
901,9010,9011
902,9020,9021
903,9030,9031
904,9040,9041
905,9050,9051
906,9060,9061
907,9070,9071
908,9080,9081
909,9090,9091
910,9100,9101
911,9110,9111
912,9120,9121
913,9130,9131
914,9140,9141
915,9150,9151
916,9160,9161
917,9170,9171
918,9180,9181
919,9190,9191
920,9200,9201
921,9210,9211
922,9220,9221
923,9230,9231
924,9240,9241
925,9250,9251
926,9260,9261
927,9270,9271
928,9280,9281
929,9290,9291
930,9300,9301
931,9310,9311
932,9320,9321
933,9330,9331
934,9340,9341
935,9350,9351
936,9360,9361
937,9370,9371
938,9380,9381
939,9390,9391
940,9400,9401
941,9410,9411
942,9420,9421
943,9430,9431
944,9440,9441
945,9450,9451
946,9460,9461
947,9470,9471
948,9480,9481
949,9490,9491
950,9500,9501
951,9510,9511
952,9520,9521
953,9530,9531
954,9540,9541
955,9550,9551
956,9560,9561
957,9570,9571
958,9580,9581
959,9590,9591
960,9600,9601
961,9610,9611
962,9620,9621
963,9630,9631
964,9640,9641
965,9650,9651
966,9660,9661
967,9670,9671
968,9680,9681
969,9690,9691
970,9700,9701
971,9710,9711
972,9720,9721
973,9730,9731
974,9740,9741
975,9750,9751
976,9760,9761
977,9770,9771
978,9780,9781
979,9790,9791
980,9800,9801
981,9810,9811
982,9820,9821
983,9830,9831
984,9840,9841
985,9850,9851
986,9860,9861
987,9870,9871
988,9880,9881
989,9890,9891
990,9900,9901
991,9910,9911
992,9920,9921
993,9930,9931
994,9940,9941
995,9950,9951
996,9960,9961
997,9970,9971
998,9980,9981
999,9990,9991